k,r,b,t,r_frac,b_frac,t_frac
100,29,39,32,0.29000000,0.39000000,0.32000000
200,57,77,66,0.28500000,0.38500000,0.33000000
300,82,117,101,0.27333333,0.39000000,0.33666667
400,115,152,133,0.28750000,0.38000000,0.33250000
500,145,192,163,0.29000000,0.38400000,0.32600000
600,170,230,200,0.28333333,0.38333333,0.33333333
700,198,262,240,0.28285714,0.37428571,0.34285714
800,225,293,282,0.28125000,0.36625000,0.35250000
900,254,320,326,0.28222222,0.35555556,0.36222222
1000,284,348,368,0.28400000,0.34800000,0.36800000
1100,316,389,395,0.28727273,0.35363636,0.35909091
1200,344,424,432,0.28666667,0.35333333,0.36000000
1300,377,460,463,0.29000000,0.35384615,0.35615385
1400,403,500,497,0.28785714,0.35714286,0.35500000
1500,425,534,541,0.28333333,0.35600000,0.36066667
1600,455,562,583,0.28437500,0.35125000,0.36437500
1700,487,599,614,0.28647059,0.35235294,0.36117647
1800,515,625,660,0.28611111,0.34722222,0.36666667
1900,544,662,694,0.28631579,0.34842105,0.36526316
2000,570,695,735,0.28500000,0.34750000,0.36750000
2100,597,733,770,0.28428571,0.34904762,0.36666667
2200,619,778,803,0.28136364,0.35363636,0.36500000
2300,648,811,841,0.28173913,0.35260870,0.36565217
2400,678,842,880,0.28250000,0.35083333,0.36666667
2500,708,871,921,0.28320000,0.34840000,0.36840000
2600,733,907,960,0.28192308,0.34884615,0.36923077
2700,753,953,994,0.27888889,0.35296296,0.36814815
2800,788,994,1018,0.28142857,0.35500000,0.36357143
2900,818,1031,1051,0.28206897,0.35551724,0.36241379
3000,836,1069,1095,0.27866667,0.35633333,0.36500000
3100,856,1109,1135,0.27612903,0.35774194,0.36612903
3200,885,1147,1168,0.27656250,0.35843750,0.36500000
3300,914,1185,1201,0.27696970,0.35909091,0.36393939
3400,942,1218,1240,0.27705882,0.35823529,0.36470588
3500,958,1261,1281,0.27371429,0.36028571,0.36600000
3600,984,1310,1306,0.27333333,0.36388889,0.36277778
3700,1004,1347,1349,0.27135135,0.36405405,0.36459459
3800,1036,1381,1383,0.27263158,0.36342105,0.36394737
3900,1060,1418,1422,0.27179487,0.36358974,0.36461538
4000,1078,1465,1457,0.26950000,0.36625000,0.36425000
4100,1103,1502,1495,0.26902439,0.36634146,0.36463415
4200,1131,1540,1529,0.26928571,0.36666667,0.36404762
4300,1158,1581,1561,0.26930233,0.36767442,0.36302326
4400,1187,1621,1592,0.26977273,0.36840909,0.36181818
4500,1218,1654,1628,0.27066667,0.36755556,0.36177778
4600,1248,1683,1669,0.27130435,0.36586957,0.36282609
4700,1274,1722,1704,0.27106383,0.36638298,0.36255319
4800,1296,1757,1747,0.27000000,0.36604167,0.36395833
4900,1320,1801,1779,0.26938776,0.36755102,0.36306122
5000,1349,1835,1816,0.26980000,0.36700000,0.36320000
5100,1383,1860,1857,0.27117647,0.36470588,0.36411765
5200,1404,1906,1890,0.27000000,0.36653846,0.36346154
5300,1425,1947,1928,0.26886792,0.36735849,0.36377358
5400,1448,1982,1970,0.26814815,0.36703704,0.36481481
5500,1475,2017,2008,0.26818182,0.36672727,0.36509091
5600,1507,2049,2044,0.26910714,0.36589286,0.36500000
5700,1534,2092,2074,0.26912281,0.36701754,0.36385965
5800,1559,2125,2116,0.26879310,0.36637931,0.36482759
5900,1581,2163,2156,0.26796610,0.36661017,0.36542373
6000,1604,2195,2201,0.26733333,0.36583333,0.36683333
6100,1636,2219,2245,0.26819672,0.36377049,0.36803279
6200,1666,2250,2284,0.26870968,0.36290323,0.36838710
6300,1690,2283,2327,0.26825397,0.36238095,0.36936508
6400,1719,2321,2360,0.26859375,0.36265625,0.36875000
6500,1741,2356,2403,0.26784615,0.36246154,0.36969231
6600,1772,2395,2433,0.26848485,0.36287879,0.36863636
6700,1801,2429,2470,0.26880597,0.36253731,0.36865672
6800,1826,2467,2507,0.26852941,0.36279412,0.36867647
6900,1858,2497,2545,0.26927536,0.36188406,0.36884058
7000,1885,2527,2588,0.26928571,0.36100000,0.36971429
7100,1914,2558,2628,0.26957746,0.36028169,0.37014085
7200,1945,2593,2662,0.27013889,0.36013889,0.36972222
7300,1975,2626,2699,0.27054795,0.35972603,0.36972603
7400,2000,2665,2735,0.27027027,0.36013514,0.36959459
7500,2024,2704,2772,0.26986667,0.36053333,0.36960000
7600,2050,2742,2808,0.26973684,0.36078947,0.36947368
7700,2076,2782,2842,0.26961039,0.36129870,0.36909091
7800,2103,2811,2886,0.26961538,0.36038462,0.37000000
7900,2129,2843,2928,0.26949367,0.35987342,0.37063291
8000,2158,2880,2962,0.26975000,0.36000000,0.37025000
8100,2187,2918,2995,0.27000000,0.36024691,0.36975309
8200,2211,2953,3036,0.26963415,0.36012195,0.37024390
8300,2235,2982,3083,0.26927711,0.35927711,0.37144578
8400,2266,3011,3123,0.26976190,0.35845238,0.37178571
8500,2294,3044,3162,0.26988235,0.35811765,0.37200000
8600,2325,3074,3201,0.27034884,0.35744186,0.37220930
8700,2351,3114,3235,0.27022989,0.35793103,0.37183908
8800,2376,3149,3275,0.27000000,0.35784091,0.37215909
8900,2399,3191,3310,0.26955056,0.35853933,0.37191011
9000,2427,3221,3352,0.26966667,0.35788889,0.37244444
9100,2448,3255,3397,0.26901099,0.35769231,0.37329670
9200,2485,3287,3428,0.27010870,0.35728261,0.37260870
9300,2512,3325,3463,0.27010753,0.35752688,0.37236559
9400,2540,3363,3497,0.27021277,0.35776596,0.37202128
9500,2568,3404,3528,0.27031579,0.35831579,0.37136842
9600,2596,3440,3564,0.27041667,0.35833333,0.37125000
9700,2621,3480,3599,0.27020619,0.35876289,0.37103093
9800,2649,3512,3639,0.27030612,0.35836735,0.37132653
9900,2673,3554,3673,0.27000000,0.35898990,0.37101010
10000,2707,3586,3707,0.27070000,0.35860000,0.37070000
10100,2731,3622,3747,0.27039604,0.35861386,0.37099010
10200,2759,3661,3780,0.27049020,0.35892157,0.37058824
10300,2789,3698,3813,0.27077670,0.35902913,0.37019417
10400,2821,3732,3847,0.27125000,0.35884615,0.36990385
10500,2848,3771,3881,0.27123810,0.35914286,0.36961905
10600,2868,3813,3919,0.27056604,0.35971698,0.36971698
10700,2893,3848,3959,0.27037383,0.35962617,0.37000000
10800,2919,3886,3995,0.27027778,0.35981481,0.36990741
10900,2947,3923,4030,0.27036697,0.35990826,0.36972477
11000,2978,3962,4060,0.27072727,0.36018182,0.36909091
11100,3010,3996,4094,0.27117117,0.36000000,0.36882883
11200,3029,4032,4139,0.27044643,0.36000000,0.36955357
11300,3053,4067,4180,0.27017699,0.35991150,0.36991150
11400,3080,4103,4217,0.27017544,0.35991228,0.36991228
11500,3107,4142,4251,0.27017391,0.36017391,0.36965217
11600,3136,4177,4287,0.27034483,0.36008621,0.36956897
11700,3161,4209,4330,0.27017094,0.35974359,0.37008547
11800,3198,4248,4354,0.27101695,0.36000000,0.36898305
11900,3227,4274,4399,0.27117647,0.35915966,0.36966387
12000,3266,4302,4432,0.27216667,0.35850000,0.36933333
12100,3296,4332,4472,0.27239669,0.35801653,0.36958678
12200,3322,4364,4514,0.27229508,0.35770492,0.37000000
12300,3352,4397,4551,0.27252033,0.35747967,0.37000000
12400,3386,4423,4591,0.27306452,0.35669355,0.37024194
12500,3411,4463,4626,0.27288000,0.35704000,0.37008000
12600,3440,4502,4658,0.27301587,0.35730159,0.36968254
12700,3463,4549,4688,0.27267717,0.35818898,0.36913386
12800,3485,4593,4722,0.27226563,0.35882812,0.36890625
12900,3511,4637,4752,0.27217054,0.35945736,0.36837209
13000,3540,4678,4782,0.27230769,0.35984615,0.36784615
13100,3578,4714,4808,0.27312977,0.35984733,0.36702290
13200,3609,4746,4845,0.27340909,0.35954545,0.36704545
13300,3646,4785,4869,0.27413534,0.35977444,0.36609023
13400,3681,4814,4905,0.27470149,0.35925373,0.36604478
13500,3705,4847,4948,0.27444444,0.35903704,0.36651852
13600,3737,4878,4985,0.27477941,0.35867647,0.36654412
13700,3768,4916,5016,0.27503650,0.35883212,0.36613139
13800,3798,4958,5044,0.27521739,0.35927536,0.36550725
13900,3823,4999,5078,0.27503597,0.35964029,0.36532374
14000,3851,5033,5116,0.27507143,0.35950000,0.36542857
14100,3885,5066,5149,0.27553191,0.35929078,0.36517730
14200,3912,5104,5184,0.27549296,0.35943662,0.36507042
14300,3943,5141,5216,0.27573427,0.35951049,0.36475524
14400,3966,5183,5251,0.27541667,0.35993056,0.36465278
14500,3997,5222,5281,0.27565517,0.36013793,0.36420690
14600,4030,5257,5313,0.27602740,0.36006849,0.36390411
14700,4054,5295,5351,0.27578231,0.36020408,0.36401361
14800,4081,5330,5389,0.27574324,0.36013514,0.36412162
14900,4115,5362,5423,0.27617450,0.35986577,0.36395973
15000,4141,5405,5454,0.27606667,0.36033333,0.36360000
15100,4171,5438,5491,0.27622517,0.36013245,0.36364238
15200,4198,5471,5531,0.27618421,0.35993421,0.36388158
15300,4225,5503,5572,0.27614379,0.35967320,0.36418301
15400,4262,5533,5605,0.27675325,0.35928571,0.36396104
15500,4283,5573,5644,0.27632258,0.35954839,0.36412903
15600,4310,5614,5676,0.27628205,0.35987179,0.36384615
15700,4342,5645,5713,0.27656051,0.35955414,0.36388535
15800,4368,5683,5749,0.27645570,0.35968354,0.36386076
15900,4392,5704,5804,0.27622642,0.35874214,0.36503145
16000,4423,5741,5836,0.27643750,0.35881250,0.36475000
16100,4450,5776,5874,0.27639752,0.35875776,0.36484472
16200,4475,5808,5917,0.27623457,0.35851852,0.36524691
16300,4500,5845,5955,0.27607362,0.35858896,0.36533742
16400,4523,5884,5993,0.27579268,0.35878049,0.36542683
16500,4548,5922,6030,0.27563636,0.35890909,0.36545455
16600,4574,5965,6061,0.27554217,0.35933735,0.36512048
16700,4609,6004,6087,0.27598802,0.35952096,0.36449102
16800,4636,6039,6125,0.27595238,0.35946429,0.36458333
16900,4669,6072,6159,0.27627219,0.35928994,0.36443787
17000,4698,6114,6188,0.27635294,0.35964706,0.36400000
17100,4723,6152,6225,0.27619883,0.35976608,0.36403509
17200,4749,6188,6263,0.27610465,0.35976744,0.36412791
17300,4772,6225,6303,0.27583815,0.35982659,0.36433526
17400,4802,6261,6337,0.27597701,0.35982759,0.36419540
17500,4833,6290,6377,0.27617143,0.35942857,0.36440000
17600,4865,6328,6407,0.27642045,0.35954545,0.36403409
17700,4909,6351,6440,0.27734463,0.35881356,0.36384181
17800,4944,6375,6481,0.27775281,0.35814607,0.36410112
17900,4969,6419,6512,0.27759777,0.35860335,0.36379888
18000,4994,6461,6545,0.27744444,0.35894444,0.36361111
18100,5025,6493,6582,0.27762431,0.35872928,0.36364641
18200,5049,6528,6623,0.27741758,0.35868132,0.36390110
18300,5077,6568,6655,0.27743169,0.35890710,0.36366120
18400,5109,6602,6689,0.27766304,0.35880435,0.36353261
18500,5131,6635,6734,0.27735135,0.35864865,0.36400000
18600,5154,6671,6775,0.27709677,0.35865591,0.36424731
18700,5185,6711,6804,0.27727273,0.35887701,0.36385027
18800,5217,6747,6836,0.27750000,0.35888298,0.36361702
18900,5244,6780,6876,0.27746032,0.35873016,0.36380952
19000,5269,6821,6910,0.27731579,0.35900000,0.36368421
19100,5299,6849,6952,0.27743455,0.35858639,0.36397906
19200,5332,6884,6984,0.27770833,0.35854167,0.36375000
19300,5358,6929,7013,0.27761658,0.35901554,0.36336788
19400,5384,6970,7046,0.27752577,0.35927835,0.36319588
19500,5405,7017,7078,0.27717949,0.35984615,0.36297436
19600,5428,7055,7117,0.27693878,0.35994898,0.36311224
19700,5449,7094,7157,0.27659898,0.36010152,0.36329949
19800,5470,7130,7200,0.27626263,0.36010101,0.36363636
19900,5498,7163,7239,0.27628141,0.35994975,0.36376884
20000,5527,7197,7276,0.27635000,0.35985000,0.36380000
20100,5559,7241,7300,0.27656716,0.36024876,0.36318408
20200,5587,7277,7336,0.27658416,0.36024752,0.36316832
20300,5618,7317,7365,0.27674877,0.36044335,0.36280788
20400,5648,7349,7403,0.27686275,0.36024510,0.36289216
20500,5676,7385,7439,0.27687805,0.36024390,0.36287805
20600,5706,7415,7479,0.27699029,0.35995146,0.36305825
20700,5729,7451,7520,0.27676329,0.35995169,0.36328502
20800,5755,7489,7556,0.27668269,0.36004808,0.36326923
20900,5787,7519,7594,0.27688995,0.35976077,0.36334928
21000,5806,7559,7635,0.27647619,0.35995238,0.36357143
21100,5836,7596,7668,0.27658768,0.36000000,0.36341232
21200,5868,7637,7695,0.27679245,0.36023585,0.36297170
21300,5899,7672,7729,0.27694836,0.36018779,0.36286385
21400,5927,7709,7764,0.27696262,0.36023364,0.36280374
21500,5958,7743,7799,0.27711628,0.36013953,0.36274419
21600,5982,7778,7840,0.27694444,0.36009259,0.36296296
21700,6003,7817,7880,0.27663594,0.36023041,0.36313364
21800,6026,7856,7918,0.27642202,0.36036697,0.36321101
21900,6048,7895,7957,0.27616438,0.36050228,0.36333333
22000,6080,7926,7994,0.27636364,0.36027273,0.36336364
22100,6110,7961,8029,0.27647059,0.36022624,0.36330317
22200,6134,7999,8067,0.27630631,0.36031532,0.36337838
22300,6174,8027,8099,0.27686099,0.35995516,0.36318386
22400,6199,8065,8136,0.27674107,0.36004464,0.36321429
22500,6228,8099,8173,0.27680000,0.35995556,0.36324444
22600,6258,8129,8213,0.27690265,0.35969027,0.36340708
22700,6279,8167,8254,0.27660793,0.35977974,0.36361233
22800,6306,8196,8298,0.27657895,0.35947368,0.36394737
22900,6338,8228,8334,0.27676856,0.35930131,0.36393013
23000,6360,8267,8373,0.27652174,0.35943478,0.36404348
23100,6383,8302,8415,0.27632035,0.35939394,0.36428571
23200,6405,8341,8454,0.27607759,0.35952586,0.36439655
23300,6432,8372,8496,0.27605150,0.35931330,0.36463519
23400,6465,8410,8525,0.27628205,0.35940171,0.36431624
23500,6496,8444,8560,0.27642553,0.35931915,0.36425532
23600,6527,8482,8591,0.27656780,0.35940678,0.36402542
23700,6559,8521,8620,0.27675105,0.35953586,0.36371308
23800,6585,8560,8655,0.27668067,0.35966387,0.36365546
23900,6620,8591,8689,0.27698745,0.35945607,0.36355649
24000,6646,8631,8723,0.27691667,0.35962500,0.36345833
24100,6669,8669,8762,0.27672199,0.35970954,0.36356846
24200,6694,8711,8795,0.27661157,0.35995868,0.36342975
24300,6717,8748,8835,0.27641975,0.36000000,0.36358025
24400,6741,8785,8874,0.27627049,0.36004098,0.36368852
24500,6770,8817,8913,0.27632653,0.35987755,0.36379592
24600,6801,8854,8945,0.27646341,0.35991870,0.36361789
24700,6838,8880,8982,0.27684211,0.35951417,0.36364372
24800,6864,8919,9017,0.27677419,0.35963710,0.36358871
24900,6891,8957,9052,0.27674699,0.35971888,0.36353414
25000,6922,8991,9087,0.27688000,0.35964000,0.36348000
25100,6943,9033,9124,0.27661355,0.35988048,0.36350598
25200,6974,9069,9157,0.27674603,0.35988095,0.36337302
25300,7005,9107,9188,0.27687747,0.35996047,0.36316206
25400,7035,9143,9222,0.27696850,0.35996063,0.36307087
25500,7058,9175,9267,0.27678431,0.35980392,0.36341176
25600,7085,9203,9312,0.27675781,0.35949219,0.36375000
25700,7116,9239,9345,0.27688716,0.35949416,0.36361868
25800,7148,9277,9375,0.27705426,0.35957364,0.36337209
25900,7177,9313,9410,0.27710425,0.35957529,0.36332046
26000,7205,9354,9441,0.27711538,0.35976923,0.36311538
26100,7226,9391,9483,0.27685824,0.35980843,0.36333333
26200,7250,9431,9519,0.27671756,0.35996183,0.36332061
26300,7279,9460,9561,0.27676806,0.35969582,0.36353612
26400,7306,9489,9605,0.27674242,0.35943182,0.36382576
26500,7327,9536,9637,0.27649057,0.35984906,0.36366038
26600,7358,9577,9665,0.27661654,0.36003759,0.36334586
26700,7388,9617,9695,0.27670412,0.36018727,0.36310861
26800,7420,9646,9734,0.27686567,0.35992537,0.36320896
26900,7453,9686,9761,0.27706320,0.36007435,0.36286245
27000,7489,9722,9789,0.27737037,0.36007407,0.36255556
27100,7517,9757,9826,0.27738007,0.36003690,0.36258303
27200,7545,9791,9864,0.27738971,0.35996324,0.36264706
27300,7573,9829,9898,0.27739927,0.36003663,0.36256410
27400,7601,9869,9930,0.27740876,0.36018248,0.36240876
27500,7622,9911,9967,0.27716364,0.36040000,0.36243636
27600,7647,9952,10001,0.27706522,0.36057971,0.36235507
27700,7679,9981,10040,0.27722022,0.36032491,0.36245487
27800,7708,10015,10077,0.27726619,0.36025180,0.36248201
27900,7742,10049,10109,0.27749104,0.36017921,0.36232975
28000,7764,10090,10146,0.27728571,0.36035714,0.36235714
28100,7795,10125,10180,0.27740214,0.36032028,0.36227758
28200,7821,10167,10212,0.27734043,0.36053191,0.36212766
28300,7844,10211,10245,0.27717314,0.36081272,0.36201413
28400,7865,10248,10287,0.27693662,0.36084507,0.36221831
28500,7895,10278,10327,0.27701754,0.36063158,0.36235088
28600,7916,10321,10363,0.27678322,0.36087413,0.36234266
28700,7941,10365,10394,0.27668990,0.36114983,0.36216028
28800,7971,10405,10424,0.27677083,0.36128472,0.36194444
28900,8003,10434,10463,0.27692042,0.36103806,0.36204152
29000,8030,10467,10503,0.27689655,0.36093103,0.36217241
29100,8050,10511,10539,0.27663230,0.36120275,0.36216495
29200,8072,10557,10571,0.27643836,0.36154110,0.36202055
29300,8093,10598,10609,0.27621160,0.36170648,0.36208191
29400,8116,10635,10649,0.27605442,0.36173469,0.36221088
29500,8136,10678,10686,0.27579661,0.36196610,0.36223729
29600,8158,10721,10721,0.27560811,0.36219595,0.36219595
29700,8195,10748,10757,0.27592593,0.36188552,0.36218855
29800,8220,10782,10798,0.27583893,0.36181208,0.36234899
29900,8239,10828,10833,0.27555184,0.36214047,0.36230769
30000,8265,10867,10868,0.27550000,0.36223333,0.36226667
30100,8281,10912,10907,0.27511628,0.36252492,0.36235880
30200,8304,10946,10950,0.27496689,0.36245033,0.36258278
30300,8332,10982,10986,0.27498350,0.36244224,0.36257426
30400,8361,11011,11028,0.27503289,0.36220395,0.36276316
30500,8386,11052,11062,0.27495082,0.36236066,0.36268852
30600,8417,11080,11103,0.27506536,0.36209150,0.36284314
30700,8448,11110,11142,0.27517915,0.36188925,0.36293160
30800,8473,11159,11168,0.27509740,0.36230519,0.36259740
30900,8494,11208,11198,0.27488673,0.36271845,0.36239482
31000,8515,11258,11227,0.27467742,0.36316129,0.36216129
31100,8538,11300,11262,0.27453376,0.36334405,0.36212219
31200,8569,11335,11296,0.27464744,0.36330128,0.36205128
31300,8593,11365,11342,0.27453674,0.36309904,0.36236422
31400,8616,11404,11380,0.27439490,0.36318471,0.36242038
31500,8644,11446,11410,0.27441270,0.36336508,0.36222222
31600,8671,11481,11448,0.27439873,0.36332278,0.36227848
31700,8695,11519,11486,0.27429022,0.36337539,0.36233438
31800,8719,11552,11529,0.27418239,0.36327044,0.36254717
31900,8751,11582,11567,0.27432602,0.36307210,0.36260188
32000,8772,11617,11611,0.27412500,0.36303125,0.36284375
32100,8803,11644,11653,0.27423676,0.36274143,0.36302181
32200,8829,11678,11693,0.27419255,0.36267081,0.36313665
32300,8865,11717,11718,0.27445820,0.36275542,0.36278638
32400,8891,11755,11754,0.27441358,0.36280864,0.36277778
32500,8922,11793,11785,0.27452308,0.36286154,0.36261538
32600,8948,11838,11814,0.27447853,0.36312883,0.36239264
32700,8972,11877,11851,0.27437309,0.36321101,0.36241590
32800,9007,11911,11882,0.27460366,0.36314024,0.36225610
32900,9042,11935,11923,0.27483283,0.36276596,0.36240122
33000,9068,11962,11970,0.27478788,0.36248485,0.36272727
33100,9102,11996,12002,0.27498489,0.36241692,0.36259819
33200,9132,12028,12040,0.27506024,0.36228916,0.36265060
33300,9159,12071,12070,0.27504505,0.36249249,0.36246246
33400,9194,12102,12104,0.27526946,0.36233533,0.36239521
33500,9217,12140,12143,0.27513433,0.36238806,0.36247761
33600,9247,12173,12180,0.27520833,0.36229167,0.36250000
33700,9273,12212,12215,0.27516320,0.36237389,0.36246291
33800,9299,12249,12252,0.27511834,0.36239645,0.36248521
33900,9326,12287,12287,0.27510324,0.36244838,0.36244838
34000,9354,12321,12325,0.27511765,0.36238235,0.36250000
34100,9383,12354,12363,0.27516129,0.36228739,0.36255132
34200,9416,12386,12398,0.27532164,0.36216374,0.36251462
34300,9446,12420,12434,0.27539359,0.36209913,0.36250729
34400,9480,12451,12469,0.27558140,0.36194767,0.36247093
34500,9503,12496,12501,0.27544928,0.36220290,0.36234783
34600,9529,12533,12538,0.27540462,0.36222543,0.36236994
34700,9560,12564,12576,0.27550432,0.36207493,0.36242075
34800,9583,12609,12608,0.27537356,0.36232759,0.36229885
34900,9611,12655,12634,0.27538682,0.36260745,0.36200573
35000,9642,12690,12668,0.27548571,0.36257143,0.36194286
35100,9668,12722,12710,0.27544160,0.36245014,0.36210826
35200,9692,12759,12749,0.27534091,0.36247159,0.36218750
35300,9723,12791,12786,0.27543909,0.36235127,0.36220963
35400,9759,12818,12823,0.27567797,0.36209040,0.36223164
35500,9788,12855,12857,0.27571831,0.36211268,0.36216901
35600,9818,12903,12879,0.27578652,0.36244382,0.36176966
35700,9841,12943,12916,0.27565826,0.36254902,0.36179272
35800,9865,12981,12954,0.27555866,0.36259777,0.36184358
35900,9888,13021,12991,0.27543175,0.36270195,0.36186630
36000,9917,13050,13033,0.27547222,0.36250000,0.36202778
36100,9948,13077,13075,0.27556787,0.36224377,0.36218837
36200,9978,13113,13109,0.27563536,0.36223757,0.36212707
36300,9998,13151,13151,0.27542700,0.36228650,0.36228650
36400,10028,13188,13184,0.27549451,0.36230769,0.36219780
36500,10055,13230,13215,0.27547945,0.36246575,0.36205479
36600,10086,13258,13256,0.27557377,0.36224044,0.36218579
36700,10117,13289,13294,0.27566757,0.36209809,0.36223433
36800,10142,13327,13331,0.27559783,0.36214674,0.36225543
36900,10171,13362,13367,0.27563686,0.36211382,0.36224932
37000,10197,13404,13399,0.27559459,0.36227027,0.36213514
37100,10222,13443,13435,0.27552561,0.36234501,0.36212938
37200,10250,13478,13472,0.27553763,0.36231183,0.36215054
37300,10276,13513,13511,0.27549598,0.36227882,0.36222520
37400,10306,13550,13544,0.27556150,0.36229947,0.36213904
37500,10334,13582,13584,0.27557333,0.36218667,0.36224000
37600,10356,13623,13621,0.27542553,0.36231383,0.36226064
37700,10383,13660,13657,0.27541114,0.36233422,0.36225464
37800,10404,13707,13689,0.27523810,0.36261905,0.36214286
37900,10428,13745,13727,0.27514512,0.36266491,0.36218997
38000,10452,13790,13758,0.27505263,0.36289474,0.36205263
38100,10477,13833,13790,0.27498688,0.36307087,0.36194226
38200,10502,13867,13831,0.27492147,0.36301047,0.36206806
38300,10534,13898,13868,0.27503916,0.36287206,0.36208877
38400,10559,13932,13909,0.27497396,0.36281250,0.36221354
38500,10595,13968,13937,0.27519481,0.36280519,0.36200000
38600,10619,14003,13978,0.27510363,0.36277202,0.36212435
38700,10650,14044,14006,0.27519380,0.36289406,0.36191214
38800,10676,14076,14048,0.27515464,0.36278351,0.36206186
38900,10713,14116,14071,0.27539846,0.36287918,0.36172237
39000,10733,14150,14117,0.27520513,0.36282051,0.36197436
39100,10761,14186,14153,0.27521739,0.36281330,0.36196931
39200,10792,14221,14187,0.27530612,0.36278061,0.36191327
39300,10817,14256,14227,0.27524173,0.36274809,0.36201018
39400,10848,14291,14261,0.27532995,0.36271574,0.36195431
39500,10870,14327,14303,0.27518987,0.36270886,0.36210127
39600,10894,14359,14347,0.27510101,0.36260101,0.36229798
39700,10918,14392,14390,0.27501259,0.36251889,0.36246851
39800,10945,14426,14429,0.27500000,0.36246231,0.36253769
39900,10964,14470,14466,0.27478697,0.36265664,0.36255639
40000,10987,14504,14509,0.27467500,0.36260000,0.36272500
40100,11017,14538,14545,0.27473815,0.36254364,0.36271820
40200,11037,14581,14582,0.27455224,0.36271144,0.36273632
40300,11068,14614,14618,0.27464020,0.36263027,0.36272953
40400,11096,14655,14649,0.27465347,0.36274752,0.36259901
40500,11124,14684,14692,0.27466667,0.36256790,0.36276543
40600,11149,14716,14735,0.27460591,0.36246305,0.36293103
40700,11178,14754,14768,0.27464373,0.36250614,0.36285012
40800,11204,14792,14804,0.27460784,0.36254902,0.36284314
40900,11239,14831,14830,0.27479218,0.36261614,0.36259169
41000,11272,14871,14857,0.27492683,0.36270732,0.36236585
41100,11302,14901,14897,0.27498783,0.36255474,0.36245742
41200,11328,14949,14923,0.27495146,0.36283981,0.36220874
41300,11352,14987,14961,0.27486683,0.36288136,0.36225182
41400,11380,15023,14997,0.27487923,0.36287440,0.36224638
41500,11407,15059,15034,0.27486747,0.36286747,0.36226506
41600,11439,15094,15067,0.27497596,0.36283654,0.36218750
41700,11472,15133,15095,0.27510791,0.36290168,0.36199041
41800,11496,15168,15136,0.27502392,0.36287081,0.36210526
41900,11522,15203,15175,0.27498807,0.36284010,0.36217184
42000,11549,15241,15210,0.27497619,0.36288095,0.36214286
42100,11583,15277,15240,0.27513064,0.36287411,0.36199525
42200,11613,15312,15275,0.27518957,0.36284360,0.36196682
42300,11647,15342,15311,0.27534279,0.36269504,0.36196217
42400,11670,15385,15345,0.27523585,0.36285377,0.36191038
42500,11688,15425,15387,0.27501176,0.36294118,0.36204706
42600,11716,15460,15424,0.27502347,0.36291080,0.36206573
42700,11754,15496,15450,0.27526932,0.36290398,0.36182670
42800,11787,15532,15481,0.27539720,0.36289720,0.36170561
42900,11821,15563,15516,0.27554779,0.36277389,0.36167832
43000,11843,15615,15542,0.27541860,0.36313953,0.36144186
43100,11875,15652,15573,0.27552204,0.36315545,0.36132251
43200,11898,15697,15605,0.27541667,0.36335648,0.36122685
43300,11917,15732,15651,0.27521940,0.36332564,0.36145497
43400,11941,15773,15686,0.27513825,0.36343318,0.36142857
43500,11966,15812,15722,0.27508046,0.36349425,0.36142529
43600,11992,15846,15762,0.27504587,0.36344037,0.36151376
43700,12017,15880,15803,0.27498856,0.36338673,0.36162471
43800,12042,15914,15844,0.27493151,0.36333333,0.36173516
43900,12070,15963,15867,0.27494305,0.36362187,0.36143508
44000,12096,15998,15906,0.27490909,0.36359091,0.36150000
44100,12123,16035,15942,0.27489796,0.36360544,0.36149660
44200,12152,16080,15968,0.27493213,0.36380090,0.36126697
44300,12177,16112,16011,0.27487585,0.36370203,0.36142212
44400,12206,16148,16046,0.27490991,0.36369369,0.36139640
44500,12241,16186,16073,0.27507865,0.36373034,0.36119101
44600,12271,16215,16114,0.27513453,0.36356502,0.36130045
44700,12297,16250,16153,0.27510067,0.36353468,0.36136465
44800,12320,16287,16193,0.27500000,0.36354911,0.36145089
44900,12350,16324,16226,0.27505568,0.36356347,0.36138085
45000,12375,16372,16253,0.27500000,0.36382222,0.36117778
45100,12400,16407,16293,0.27494457,0.36379157,0.36126386
45200,12426,16446,16328,0.27491150,0.36384956,0.36123894
45300,12457,16484,16359,0.27498896,0.36388521,0.36112583
45400,12484,16516,16400,0.27497797,0.36378855,0.36123348
45500,12513,16551,16436,0.27501099,0.36375824,0.36123077
45600,12542,16592,16466,0.27504386,0.36385965,0.36109649
45700,12568,16623,16509,0.27501094,0.36374179,0.36124726
45800,12593,16661,16546,0.27495633,0.36377729,0.36126638
45900,12617,16697,16586,0.27488017,0.36376906,0.36135076
46000,12644,16735,16621,0.27486957,0.36380435,0.36132609
46100,12669,16774,16657,0.27481562,0.36386117,0.36132321
46200,12693,16807,16700,0.27474026,0.36378788,0.36147186
46300,12721,16833,16746,0.27475162,0.36356371,0.36168467
46400,12748,16872,16780,0.27474138,0.36362069,0.36163793
46500,12783,16906,16811,0.27490323,0.36356989,0.36152688
46600,12812,16938,16850,0.27493562,0.36347639,0.36158798
46700,12831,16987,16882,0.27475375,0.36374732,0.36149893
46800,12857,17032,16911,0.27472222,0.36393162,0.36134615
46900,12895,17064,16941,0.27494670,0.36383795,0.36121535
47000,12921,17098,16981,0.27491489,0.36378723,0.36129787
47100,12946,17138,17016,0.27486200,0.36386412,0.36127389
47200,12983,17163,17054,0.27506356,0.36362288,0.36131356
47300,13009,17205,17086,0.27503171,0.36374207,0.36122622
47400,13046,17242,17112,0.27523207,0.36375527,0.36101266
47500,13073,17273,17154,0.27522105,0.36364211,0.36113684
47600,13106,17307,17187,0.27533613,0.36359244,0.36107143
47700,13138,17341,17221,0.27542977,0.36354298,0.36102725
47800,13164,17384,17252,0.27539749,0.36368201,0.36092050
47900,13188,17425,17287,0.27532359,0.36377871,0.36089770
48000,13218,17461,17321,0.27537500,0.36377083,0.36085417
48100,13250,17495,17355,0.27546778,0.36372141,0.36081081
48200,13277,17529,17394,0.27545643,0.36367220,0.36087137
48300,13309,17564,17427,0.27554865,0.36364389,0.36080745
48400,13333,17600,17467,0.27547521,0.36363636,0.36088843
48500,13358,17637,17505,0.27542268,0.36364948,0.36092784
48600,13397,17665,17538,0.27565844,0.36347737,0.36086420
48700,13426,17696,17578,0.27568789,0.36336756,0.36094456
48800,13457,17736,17607,0.27575820,0.36344262,0.36079918
48900,13482,17774,17644,0.27570552,0.36347648,0.36081800
49000,13504,17812,17684,0.27559184,0.36351020,0.36089796
49100,13534,17855,17711,0.27564155,0.36364562,0.36071283
49200,13558,17891,17751,0.27556911,0.36363821,0.36079268
49300,13587,17925,17788,0.27559838,0.36359026,0.36081136
49400,13620,17958,17822,0.27570850,0.36352227,0.36076923
49500,13649,17999,17852,0.27573737,0.36361616,0.36064646
49600,13678,18043,17879,0.27576613,0.36377016,0.36046371
49700,13712,18078,17910,0.27589537,0.36374245,0.36036217
49800,13733,18117,17950,0.27576305,0.36379518,0.36044177
49900,13763,18151,17986,0.27581162,0.36374749,0.36044088
50000,13795,18182,18023,0.27590000,0.36364000,0.36046000
50100,13822,18224,18054,0.27588822,0.36375250,0.36035928
50200,13840,18263,18097,0.27569721,0.36380478,0.36049801
50300,13873,18302,18125,0.27580517,0.36385686,0.36033797
50400,13911,18337,18152,0.27601190,0.36382937,0.36015873
50500,13932,18373,18195,0.27588119,0.36382178,0.36029703
50600,13961,18407,18232,0.27590909,0.36377470,0.36031621
50700,13989,18446,18265,0.27591716,0.36382643,0.36025641
50800,14014,18489,18297,0.27586614,0.36395669,0.36017717
50900,14046,18519,18335,0.27595285,0.36383104,0.36021611
51000,14079,18558,18363,0.27605882,0.36388235,0.36005882
51100,14102,18604,18394,0.27596869,0.36407045,0.35996086
51200,14133,18642,18425,0.27603516,0.36410156,0.35986328
51300,14159,18678,18463,0.27600390,0.36409357,0.35990253
51400,14191,18708,18501,0.27608949,0.36396887,0.35994163
51500,14217,18744,18539,0.27605825,0.36396117,0.35998058
51600,14248,18779,18573,0.27612403,0.36393411,0.35994186
51700,14273,18812,18615,0.27607350,0.36386847,0.36005803
51800,14303,18856,18641,0.27611969,0.36401544,0.35986486
51900,14325,18894,18681,0.27601156,0.36404624,0.35994220
52000,14350,18928,18722,0.27596154,0.36400000,0.36003846
52100,14380,18958,18762,0.27600768,0.36387716,0.36011516
52200,14415,18994,18791,0.27614943,0.36386973,0.35998084
52300,14436,19031,18833,0.27602294,0.36388145,0.36009560
52400,14467,19064,18869,0.27608779,0.36381679,0.36009542
52500,14496,19101,18903,0.27611429,0.36382857,0.36005714
52600,14526,19136,18938,0.27615970,0.36380228,0.36003802
52700,14551,19174,18975,0.27611006,0.36383302,0.36005693
52800,14585,19210,19005,0.27623106,0.36382576,0.35994318
52900,14611,19245,19044,0.27620038,0.36379962,0.36000000
53000,14649,19280,19071,0.27639623,0.36377358,0.35983019
53100,14679,19308,19113,0.27644068,0.36361582,0.35994350
53200,14703,19349,19148,0.27637218,0.36370301,0.35992481
53300,14729,19390,19181,0.27634146,0.36378987,0.35986867
53400,14759,19420,19221,0.27638577,0.36367041,0.35994382
53500,14790,19461,19249,0.27644860,0.36375701,0.35979439
53600,14816,19506,19278,0.27641791,0.36391791,0.35966418
53700,14842,19539,19319,0.27638734,0.36385475,0.35975791
53800,14871,19570,19359,0.27641264,0.36375465,0.35983271
53900,14897,19602,19401,0.27638219,0.36367347,0.35994434
54000,14924,19633,19443,0.27637037,0.36357407,0.36005556
54100,14952,19669,19479,0.27637708,0.36356747,0.36005545
54200,14981,19701,19518,0.27640221,0.36348708,0.36011070
54300,15009,19728,19563,0.27640884,0.36331492,0.36027624
54400,15034,19761,19605,0.27636029,0.36325368,0.36038603
54500,15058,19804,19638,0.27629358,0.36337615,0.36033028
54600,15082,19837,19681,0.27622711,0.36331502,0.36045788
54700,15110,19877,19713,0.27623400,0.36338208,0.36038391
54800,15140,19917,19743,0.27627737,0.36344891,0.36027372
54900,15159,19966,19775,0.27612022,0.36367942,0.36020036
55000,15188,20006,19806,0.27614545,0.36374545,0.36010909
55100,15218,20049,19833,0.27618875,0.36386570,0.35994555
55200,15242,20093,19865,0.27612319,0.36400362,0.35987319
55300,15266,20128,19906,0.27605787,0.36397830,0.35996383
55400,15294,20160,19946,0.27606498,0.36389892,0.36003610
55500,15326,20198,19976,0.27614414,0.36392793,0.35992793
55600,15352,20237,20011,0.27611511,0.36397482,0.35991007
55700,15368,20281,20051,0.27590664,0.36411131,0.35998205
55800,15394,20326,20080,0.27587814,0.36426523,0.35985663
55900,15424,20357,20119,0.27592129,0.36416816,0.35991055
56000,15458,20392,20150,0.27603571,0.36414286,0.35982143
56100,15487,20429,20184,0.27606061,0.36415330,0.35978610
56200,15510,20470,20220,0.27597865,0.36423488,0.35978648
56300,15537,20504,20259,0.27596803,0.36419183,0.35984014
56400,15567,20543,20290,0.27601064,0.36423759,0.35975177
56500,15598,20575,20327,0.27607080,0.36415929,0.35976991
56600,15630,20608,20362,0.27614841,0.36409894,0.35975265
56700,15661,20645,20394,0.27620811,0.36410935,0.35968254
56800,15686,20683,20431,0.27616197,0.36413732,0.35970070
56900,15715,20716,20469,0.27618629,0.36407733,0.35973638
57000,15739,20756,20505,0.27612281,0.36414035,0.35973684
57100,15764,20800,20536,0.27607706,0.36427320,0.35964974
57200,15790,20835,20575,0.27604895,0.36424825,0.35970280
57300,15811,20875,20614,0.27593368,0.36431065,0.35975567
57400,15838,20907,20655,0.27592334,0.36423345,0.35984321
57500,15870,20940,20690,0.27600000,0.36417391,0.35982609
57600,15897,20979,20724,0.27598958,0.36421875,0.35979167
57700,15932,21008,20760,0.27611785,0.36409012,0.35979203
57800,15957,21047,20796,0.27607266,0.36413495,0.35979239
57900,15977,21081,20842,0.27594128,0.36409326,0.35996546
58000,15997,21124,20879,0.27581034,0.36420690,0.35998276
58100,16033,21154,20913,0.27595525,0.36409639,0.35994836
58200,16068,21184,20948,0.27608247,0.36398625,0.35993127
58300,16087,21229,20984,0.27593482,0.36413379,0.35993139
58400,16122,21265,21013,0.27606164,0.36412671,0.35981164
58500,16144,21307,21049,0.27596581,0.36422222,0.35981197
58600,16161,21349,21090,0.27578498,0.36431741,0.35989761
58700,16194,21383,21123,0.27587734,0.36427598,0.35984668
58800,16220,21415,21165,0.27585034,0.36420068,0.35994898
58900,16244,21446,21210,0.27578947,0.36410866,0.36010187
59000,16277,21478,21245,0.27588136,0.36403390,0.36008475
59100,16300,21510,21290,0.27580372,0.36395939,0.36023689
59200,16332,21548,21320,0.27587838,0.36398649,0.36013514
59300,16363,21577,21360,0.27593592,0.36386172,0.36020236
59400,16396,21607,21397,0.27602694,0.36375421,0.36021886
59500,16439,21633,21428,0.27628571,0.36357983,0.36013445
59600,16467,21666,21467,0.27629195,0.36352349,0.36018456
59700,16489,21706,21505,0.27619765,0.36358459,0.36021776
59800,16513,21745,21542,0.27613712,0.36362876,0.36023411
59900,16542,21774,21584,0.27616027,0.36350584,0.36033389
60000,16572,21812,21616,0.27620000,0.36353333,0.36026667
60100,16600,21846,21654,0.27620632,0.36349418,0.36029950
60200,16623,21887,21690,0.27612957,0.36357143,0.36029900
60300,16656,21923,21721,0.27621891,0.36356551,0.36021559
60400,16680,21961,21759,0.27615894,0.36359272,0.36024834
60500,16704,22001,21795,0.27609917,0.36365289,0.36024793
60600,16732,22038,21830,0.27610561,0.36366337,0.36023102
60700,16760,22077,21863,0.27611203,0.36370675,0.36018122
60800,16794,22120,21886,0.27621711,0.36381579,0.35996711
60900,16828,22155,21917,0.27632184,0.36379310,0.35988506
61000,16850,22197,21953,0.27622951,0.36388525,0.35988525
61100,16880,22238,21982,0.27626841,0.36396072,0.35977087
61200,16913,22274,22013,0.27635621,0.36395425,0.35968954
61300,16938,22307,22055,0.27631321,0.36389886,0.35978793
61400,16960,22350,22090,0.27622150,0.36400651,0.35977199
61500,16984,22380,22136,0.27616260,0.36390244,0.35993496
61600,17011,22410,22179,0.27615260,0.36379870,0.36004870
61700,17037,22446,22217,0.27612642,0.36379254,0.36008104
61800,17067,22484,22249,0.27616505,0.36381877,0.36001618
61900,17093,22521,22286,0.27613893,0.36382876,0.36003231
62000,17125,22558,22317,0.27620968,0.36383871,0.35995161
62100,17145,22596,22359,0.27608696,0.36386473,0.36004831
62200,17173,22636,22391,0.27609325,0.36392283,0.35998392
62300,17195,22673,22432,0.27600321,0.36393258,0.36006421
62400,17220,22712,22468,0.27596154,0.36397436,0.36006410
62500,17250,22753,22497,0.27600000,0.36404800,0.35995200
62600,17284,22787,22529,0.27610224,0.36400958,0.35988818
62700,17307,22829,22564,0.27602871,0.36409888,0.35987241
62800,17332,22859,22609,0.27598726,0.36399682,0.36001592
62900,17364,22899,22637,0.27605723,0.36405405,0.35988871
63000,17388,22937,22675,0.27600000,0.36407937,0.35992063
63100,17415,22972,22713,0.27599049,0.36405705,0.35995246
63200,17441,23014,22745,0.27596519,0.36414557,0.35988924
63300,17461,23048,22791,0.27584518,0.36410742,0.36004739
63400,17487,23092,22821,0.27582019,0.36422713,0.35995268
63500,17517,23130,22853,0.27585827,0.36425197,0.35988976
63600,17549,23167,22884,0.27592767,0.36426101,0.35981132
63700,17585,23198,22917,0.27605965,0.36417582,0.35976452
63800,17614,23230,22956,0.27608150,0.36410658,0.35981191
63900,17643,23272,22985,0.27610329,0.36419405,0.35970266
64000,17673,23305,23022,0.27614062,0.36414062,0.35971875
64100,17694,23341,23065,0.27603744,0.36413417,0.35982839
64200,17721,23375,23104,0.27602804,0.36409657,0.35987539
64300,17746,23406,23148,0.27598756,0.36401244,0.36000000
64400,17779,23448,23173,0.27607143,0.36409938,0.35982919
64500,17809,23483,23208,0.27610853,0.36407752,0.35981395
64600,17840,23514,23246,0.27616099,0.36399381,0.35984520
64700,17868,23556,23276,0.27616692,0.36408037,0.35975270
64800,17898,23585,23317,0.27620370,0.36396605,0.35983025
64900,17920,23622,23358,0.27611710,0.36397535,0.35990755
65000,17944,23653,23403,0.27606154,0.36389231,0.36004615
65100,17973,23690,23437,0.27608295,0.36390169,0.36001536
65200,18001,23724,23475,0.27608896,0.36386503,0.36004601
65300,18028,23764,23508,0.27607963,0.36392037,0.36000000
65400,18057,23801,23542,0.27610092,0.36392966,0.35996942
65500,18082,23832,23586,0.27606107,0.36384733,0.36009160
65600,18104,23881,23615,0.27597561,0.36403963,0.35998476
65700,18129,23920,23651,0.27593607,0.36407915,0.35998478
65800,18155,23959,23686,0.27591185,0.36411854,0.35996960
65900,18178,23990,23732,0.27584219,0.36403642,0.36012140
66000,18203,24033,23764,0.27580303,0.36413636,0.36006061
66100,18230,24072,23798,0.27579425,0.36417549,0.36003026
66200,18257,24106,23837,0.27578550,0.36413897,0.36007553
66300,18300,24132,23868,0.27601810,0.36398190,0.36000000
66400,18330,24167,23903,0.27605422,0.36396084,0.35998494
66500,18359,24198,23943,0.27607519,0.36387970,0.36004511
66600,18380,24237,23983,0.27597598,0.36391892,0.36010511
66700,18403,24282,24015,0.27590705,0.36404798,0.36004498
66800,18428,24323,24049,0.27586826,0.36411677,0.36001497
66900,18459,24358,24083,0.27591928,0.36409567,0.35998505
67000,18487,24395,24118,0.27592537,0.36410448,0.35997015
67100,18517,24436,24147,0.27596125,0.36417288,0.35986587
67200,18543,24473,24184,0.27593750,0.36418155,0.35988095
67300,18568,24505,24227,0.27589896,0.36411590,0.35998514
67400,18599,24541,24260,0.27594955,0.36410979,0.35994065
67500,18636,24575,24289,0.27608889,0.36407407,0.35983704
67600,18674,24604,24322,0.27624260,0.36396450,0.35979290
67700,18700,24644,24356,0.27621861,0.36401773,0.35976366
67800,18725,24671,24404,0.27617994,0.36387906,0.35994100
67900,18750,24711,24439,0.27614138,0.36393225,0.35992636
68000,18776,24744,24480,0.27611765,0.36388235,0.36000000
68100,18802,24784,24514,0.27609398,0.36393539,0.35997063
68200,18829,24826,24545,0.27608504,0.36401760,0.35989736
68300,18857,24860,24583,0.27609078,0.36398243,0.35992679
68400,18877,24897,24626,0.27597953,0.36399123,0.36002924
68500,18908,24932,24660,0.27602920,0.36397080,0.36000000
68600,18938,24972,24690,0.27606414,0.36402332,0.35991254
68700,18971,25007,24722,0.27614265,0.36400291,0.35985444
68800,18991,25050,24759,0.27603198,0.36409884,0.35986919
68900,19021,25085,24794,0.27606676,0.36407837,0.35985486
69000,19045,25128,24827,0.27601449,0.36417391,0.35981159
69100,19073,25170,24857,0.27602026,0.36425470,0.35972504
69200,19093,25209,24898,0.27591040,0.36429191,0.35979769
69300,19124,25242,24934,0.27595960,0.36424242,0.35979798
69400,19158,25276,24966,0.27605187,0.36420749,0.35974063
69500,19187,25309,25004,0.27607194,0.36415827,0.35976978
69600,19212,25349,25039,0.27603448,0.36420977,0.35975575
69700,19236,25391,25073,0.27598278,0.36428981,0.35972740
69800,19258,25427,25115,0.27590258,0.36428367,0.35981375
69900,19286,25460,25154,0.27590844,0.36423462,0.35985694
70000,19309,25496,25195,0.27584286,0.36422857,0.35992857
70100,19352,25529,25219,0.27606277,0.36417974,0.35975749
70200,19384,25569,25247,0.27612536,0.36423077,0.35964387
70300,19415,25607,25278,0.27617354,0.36425320,0.35957326
70400,19438,25646,25316,0.27610795,0.36428977,0.35960227
70500,19470,25681,25349,0.27617021,0.36426950,0.35956028
70600,19492,25717,25391,0.27609065,0.36426346,0.35964589
70700,19518,25755,25427,0.27606789,0.36428571,0.35964639
70800,19545,25789,25466,0.27605932,0.36425141,0.35968927
70900,19570,25827,25503,0.27602257,0.36427362,0.35970381
71000,19599,25868,25533,0.27604225,0.36433803,0.35961972
71100,19623,25900,25577,0.27599156,0.36427567,0.35973277
71200,19646,25941,25613,0.27592697,0.36433989,0.35973315
71300,19677,25968,25655,0.27597475,0.36420757,0.35981767
71400,19709,26003,25688,0.27603641,0.36418768,0.35977591
71500,19743,26043,25714,0.27612587,0.36423776,0.35963636
71600,19773,26071,25756,0.27615922,0.36412011,0.35972067
71700,19799,26104,25797,0.27613668,0.36407252,0.35979079
71800,19825,26132,25843,0.27611421,0.36395543,0.35993036
71900,19852,26168,25880,0.27610570,0.36394993,0.35994437
72000,19880,26205,25915,0.27611111,0.36395833,0.35993056
72100,19911,26241,25948,0.27615811,0.36395284,0.35988904
72200,19932,26280,25988,0.27606648,0.36398892,0.35994460
72300,19969,26309,26022,0.27619640,0.36388658,0.35991701
72400,19997,26340,26063,0.27620166,0.36381215,0.35998619
72500,20025,26376,26099,0.27620690,0.36380690,0.35998621
72600,20053,26418,26129,0.27621212,0.36388430,0.35990358
72700,20083,26455,26162,0.27624484,0.36389271,0.35986245
72800,20114,26495,26191,0.27629121,0.36394231,0.35976648
72900,20145,26527,26228,0.27633745,0.36388203,0.35978052
73000,20174,26565,26261,0.27635616,0.36390411,0.35973973
73100,20199,26599,26302,0.27632011,0.36387141,0.35980848
73200,20228,26642,26330,0.27633880,0.36396175,0.35969945
73300,20253,26682,26365,0.27630286,0.36401091,0.35968622
73400,20284,26714,26402,0.27634877,0.36395095,0.35970027
73500,20309,26746,26445,0.27631293,0.36389116,0.35979592
73600,20338,26781,26481,0.27633152,0.36387228,0.35979620
73700,20364,26816,26520,0.27630936,0.36385346,0.35983718
73800,20392,26849,26559,0.27631436,0.36380759,0.35987805
73900,20425,26885,26590,0.27638701,0.36380244,0.35981055
74000,20449,26926,26625,0.27633784,0.36386486,0.35979730
74100,20482,26954,26664,0.27641026,0.36375169,0.35983806
74200,20507,26988,26705,0.27637466,0.36371968,0.35990566
74300,20537,27023,26740,0.27640646,0.36370121,0.35989233
74400,20571,27058,26771,0.27649194,0.36368280,0.35982527
74500,20590,27096,26814,0.27637584,0.36370470,0.35991946
74600,20614,27137,26849,0.27632708,0.36376676,0.35990617
74700,20642,27178,26880,0.27633199,0.36382865,0.35983936
74800,20676,27212,26912,0.27641711,0.36379679,0.35978610
74900,20703,27251,26946,0.27640854,0.36383178,0.35975968
75000,20743,27279,26978,0.27657333,0.36372000,0.35970667
75100,20770,27316,27014,0.27656458,0.36372836,0.35970706
75200,20810,27346,27044,0.27672872,0.36364362,0.35962766
75300,20836,27379,27085,0.27670651,0.36359894,0.35969456
75400,20866,27410,27124,0.27673740,0.36352785,0.35973475
75500,20886,27435,27179,0.27663576,0.36337748,0.35998675
75600,20914,27468,27218,0.27664021,0.36333333,0.36002646
75700,20947,27500,27253,0.27671070,0.36327609,0.36001321
75800,20971,27536,27293,0.27666227,0.36327177,0.36006596
75900,20996,27577,27327,0.27662714,0.36333333,0.36003953
76000,21029,27608,27363,0.27669737,0.36326316,0.36003947
76100,21058,27641,27401,0.27671485,0.36321945,0.36006570
76200,21077,27684,27439,0.27660105,0.36330709,0.36009186
76300,21099,27724,27477,0.27652687,0.36335518,0.36011796
76400,21129,27761,27510,0.27655759,0.36336387,0.36007853
76500,21153,27799,27548,0.27650980,0.36338562,0.36010458
76600,21189,27831,27580,0.27661880,0.36332898,0.36005222
76700,21222,27862,27616,0.27668840,0.36325945,0.36005215
76800,21249,27896,27655,0.27667969,0.36322917,0.36009115
76900,21282,27929,27689,0.27674902,0.36318596,0.36006502
77000,21312,27966,27722,0.27677922,0.36319481,0.36002597
77100,21341,28000,27759,0.27679637,0.36316472,0.36003891
77200,21372,28033,27795,0.27683938,0.36312176,0.36003886
77300,21403,28068,27829,0.27688228,0.36310479,0.36001294
77400,21427,28100,27873,0.27683463,0.36304910,0.36011628
77500,21445,28138,27917,0.27670968,0.36307097,0.36021935
77600,21476,28177,27947,0.27675258,0.36310567,0.36014175
77700,21497,28218,27985,0.27666667,0.36316602,0.36016731
77800,21527,28258,28015,0.27669666,0.36321337,0.36008997
77900,21553,28300,28047,0.27667522,0.36328626,0.36003851
78000,21574,28346,28080,0.27658974,0.36341026,0.36000000
78100,21601,28386,28113,0.27658131,0.36345711,0.35996159
78200,21638,28414,28148,0.27670077,0.36335038,0.35994885
78300,21668,28450,28182,0.27673052,0.36334610,0.35992337
78400,21696,28486,28218,0.27673469,0.36334184,0.35992347
78500,21720,28524,28256,0.27668790,0.36336306,0.35994904
78600,21750,28555,28295,0.27671756,0.36329517,0.35998728
78700,21777,28595,28328,0.27670902,0.36334180,0.35994917
78800,21802,28630,28368,0.27667513,0.36332487,0.36000000
78900,21833,28663,28404,0.27671736,0.36328264,0.36000000
79000,21854,28703,28443,0.27663291,0.36332911,0.36003797
79100,21882,28741,28477,0.27663717,0.36335019,0.36001264
79200,21904,28774,28522,0.27656566,0.36330808,0.36012626
79300,21922,28810,28568,0.27644388,0.36330391,0.36025221
79400,21947,28843,28610,0.27641058,0.36326196,0.36032746
79500,21975,28883,28642,0.27641509,0.36330818,0.36027673
79600,21995,28925,28680,0.27631910,0.36337940,0.36030151
79700,22026,28956,28718,0.27636136,0.36331242,0.36032622
79800,22049,28993,28758,0.27630326,0.36332080,0.36037594
79900,22073,29033,28794,0.27625782,0.36336671,0.36037547
80000,22099,29073,28828,0.27623750,0.36341250,0.36035000
80100,22125,29115,28860,0.27621723,0.36348315,0.36029963
80200,22147,29158,28895,0.27614713,0.36356608,0.36028678
80300,22169,29199,28932,0.27607721,0.36362391,0.36029888
80400,22204,29232,28964,0.27616915,0.36358209,0.36024876
80500,22228,29271,29001,0.27612422,0.36361491,0.36026087
80600,22261,29306,29033,0.27619107,0.36359801,0.36021092
80700,22296,29333,29071,0.27628253,0.36348203,0.36023544
80800,22313,29364,29123,0.27615099,0.36341584,0.36043317
80900,22335,29394,29171,0.27608158,0.36333745,0.36058096
81000,22368,29426,29206,0.27614815,0.36328395,0.36056790
81100,22390,29467,29243,0.27607891,0.36334155,0.36057953
81200,22415,29501,29284,0.27604680,0.36331281,0.36064039
81300,22441,29533,29326,0.27602706,0.36325953,0.36071341
81400,22470,29567,29363,0.27604423,0.36323096,0.36072482
81500,22494,29602,29404,0.27600000,0.36321472,0.36078528
81600,22521,29646,29433,0.27599265,0.36330882,0.36069853
81700,22559,29684,29457,0.27611995,0.36332925,0.36055080
81800,22588,29712,29500,0.27613692,0.36322738,0.36063570
81900,22614,29748,29538,0.27611722,0.36322344,0.36065934
82000,22630,29795,29575,0.27597561,0.36335366,0.36067073
82100,22656,29832,29612,0.27595615,0.36336175,0.36068210
82200,22689,29867,29644,0.27602190,0.36334550,0.36063260
82300,22730,29899,29671,0.27618469,0.36329283,0.36052248
82400,22753,29941,29706,0.27612864,0.36336165,0.36050971
82500,22785,29973,29742,0.27618182,0.36330909,0.36050909
82600,22805,30011,29784,0.27608959,0.36332930,0.36058111
82700,22831,30049,29820,0.27607013,0.36334946,0.36058041
82800,22853,30084,29863,0.27600242,0.36333333,0.36066425
82900,22887,30120,29893,0.27607961,0.36332931,0.36059107
83000,22914,30157,29929,0.27607229,0.36333735,0.36059036
83100,22938,30195,29967,0.27602888,0.36335740,0.36061372
83200,22959,30233,30008,0.27594952,0.36337740,0.36067308
83300,22988,30272,30040,0.27596639,0.36340936,0.36062425
83400,23016,30311,30073,0.27597122,0.36344125,0.36058753
83500,23047,30347,30106,0.27601198,0.36343713,0.36055090
83600,23067,30391,30142,0.27592105,0.36352871,0.36055024
83700,23094,30428,30178,0.27591398,0.36353644,0.36054958
83800,23117,30465,30218,0.27585919,0.36354415,0.36059666
83900,23138,30507,30255,0.27578069,0.36361144,0.36060787
84000,23161,30557,30282,0.27572619,0.36377381,0.36050000
84100,23188,30592,30320,0.27571938,0.36375743,0.36052319
84200,23212,30626,30362,0.27567696,0.36372922,0.36059382
84300,23241,30660,30399,0.27569395,0.36370107,0.36060498
84400,23266,30698,30436,0.27566351,0.36372038,0.36061611
84500,23296,30741,30463,0.27569231,0.36379882,0.36050888
84600,23327,30777,30496,0.27573286,0.36379433,0.36047281
84700,23357,30811,30532,0.27576151,0.36376623,0.36047226
84800,23380,30849,30571,0.27570755,0.36378538,0.36050708
84900,23408,30879,30613,0.27571260,0.36371025,0.36057715
85000,23436,30913,30651,0.27571765,0.36368235,0.36060000
85100,23461,30951,30688,0.27568743,0.36370153,0.36061105
85200,23487,30994,30719,0.27566901,0.36377934,0.36055164
85300,23512,31034,30754,0.27563892,0.36382181,0.36053927
85400,23539,31081,30780,0.27563232,0.36394614,0.36042155
85500,23569,31113,30818,0.27566082,0.36389474,0.36044444
85600,23597,31147,30856,0.27566589,0.36386682,0.36046729
85700,23631,31178,30891,0.27574096,0.36380397,0.36045508
85800,23662,31211,30927,0.27578089,0.36376457,0.36045455
85900,23689,31251,30960,0.27577416,0.36380675,0.36041909
86000,23713,31286,31001,0.27573256,0.36379070,0.36047674
86100,23746,31314,31040,0.27579559,0.36369338,0.36051103
86200,23767,31353,31080,0.27571926,0.36372390,0.36055684
86300,23801,31389,31110,0.27579374,0.36371958,0.36048667
86400,23827,31421,31152,0.27577546,0.36366898,0.36055556
86500,23856,31454,31190,0.27579191,0.36363006,0.36057803
86600,23884,31491,31225,0.27579677,0.36363741,0.36056582
86700,23916,31522,31262,0.27584775,0.36357555,0.36057670
86800,23937,31563,31300,0.27577189,0.36362903,0.36059908
86900,23969,31592,31339,0.27582278,0.36354430,0.36063291
87000,23997,31627,31376,0.27582759,0.36352874,0.36064368
87100,24025,31662,31413,0.27583238,0.36351320,0.36065442
87200,24055,31697,31448,0.27586009,0.36349771,0.36064220
87300,24090,31736,31474,0.27594502,0.36352806,0.36052692
87400,24118,31768,31514,0.27594966,0.36347826,0.36057208
87500,24154,31797,31549,0.27604571,0.36339429,0.36056000
87600,24180,31833,31587,0.27602740,0.36339041,0.36058219
87700,24202,31865,31633,0.27596351,0.36334094,0.36069555
87800,24226,31906,31668,0.27592255,0.36339408,0.36068337
87900,24253,31948,31699,0.27591581,0.36345848,0.36062571
88000,24281,31988,31731,0.27592045,0.36350000,0.36057955
88100,24310,32025,31765,0.27593644,0.36350738,0.36055619
88200,24344,32067,31789,0.27600907,0.36357143,0.36041950
88300,24368,32101,31831,0.27596829,0.36354473,0.36048698
88400,24397,32134,31869,0.27598416,0.36350679,0.36050905
88500,24419,32175,31906,0.27592090,0.36355932,0.36051977
88600,24446,32208,31946,0.27591422,0.36352144,0.36056433
88700,24470,32241,31989,0.27587373,0.36348365,0.36064262
88800,24505,32268,32027,0.27595721,0.36337838,0.36066441
88900,24531,32305,32064,0.27593926,0.36338583,0.36067492
89000,24559,32346,32095,0.27594382,0.36343820,0.36061798
89100,24591,32376,32133,0.27599327,0.36336700,0.36063973
89200,24622,32408,32170,0.27603139,0.36331839,0.36065022
89300,24658,32444,32198,0.27612542,0.36331467,0.36055991
89400,24678,32484,32238,0.27604027,0.36335570,0.36060403
89500,24706,32521,32273,0.27604469,0.36336313,0.36059218
89600,24730,32558,32312,0.27600446,0.36337054,0.36062500
89700,24758,32598,32344,0.27600892,0.36341137,0.36057971
89800,24789,32635,32376,0.27604677,0.36341871,0.36053452
89900,24820,32660,32420,0.27608454,0.36329255,0.36062291
90000,24841,32707,32452,0.27601111,0.36341111,0.36057778
90100,24859,32746,32495,0.27590455,0.36344062,0.36065483
90200,24881,32785,32534,0.27584257,0.36347007,0.36068736
90300,24910,32826,32564,0.27585825,0.36352159,0.36062016
90400,24940,32863,32597,0.27588496,0.36352876,0.36058628
90500,24967,32898,32635,0.27587845,0.36351381,0.36060773
90600,25000,32926,32674,0.27593819,0.36342163,0.36064018
90700,25019,32966,32715,0.27584344,0.36346196,0.36069460
90800,25045,33003,32752,0.27582599,0.36346916,0.36070485
90900,25061,33041,32798,0.27569857,0.36348735,0.36081408
91000,25085,33077,32838,0.27565934,0.36348352,0.36085714
91100,25110,33117,32873,0.27563117,0.36352360,0.36084523
91200,25135,33155,32910,0.27560307,0.36354167,0.36085526
91300,25163,33187,32950,0.27560789,0.36349398,0.36089814
91400,25196,33223,32981,0.27566740,0.36349015,0.36084245
91500,25231,33257,33012,0.27574863,0.36346448,0.36078689
91600,25250,33291,33059,0.27565502,0.36343886,0.36090611
91700,25280,33322,33098,0.27568157,0.36338059,0.36093784
91800,25310,33364,33126,0.27570806,0.36344227,0.36084967
91900,25342,33399,33159,0.27575626,0.36342764,0.36081610
92000,25367,33440,33193,0.27572826,0.36347826,0.36079348
92100,25397,33475,33228,0.27575461,0.36346363,0.36078176
92200,25421,33517,33262,0.27571584,0.36352495,0.36075922
92300,25450,33557,33293,0.27573131,0.36356446,0.36070423
92400,25481,33598,33321,0.27576840,0.36361472,0.36061688
92500,25510,33627,33363,0.27578378,0.36353514,0.36068108
92600,25532,33663,33405,0.27572354,0.36353132,0.36074514
92700,25555,33696,33449,0.27567422,0.36349515,0.36083064
92800,25583,33734,33483,0.27567888,0.36351293,0.36080819
92900,25607,33769,33524,0.27564047,0.36349839,0.36086114
93000,25637,33804,33559,0.27566667,0.36348387,0.36084946
93100,25667,33836,33597,0.27569280,0.36343716,0.36087003
93200,25690,33871,33639,0.27564378,0.36342275,0.36093348
93300,25718,33903,33679,0.27564845,0.36337621,0.36097535
93400,25747,33935,33718,0.27566381,0.36332976,0.36100642
93500,25782,33963,33755,0.27574332,0.36324064,0.36101604
93600,25809,33993,33798,0.27573718,0.36317308,0.36108974
93700,25839,34025,33836,0.27576307,0.36312700,0.36110993
93800,25870,34063,33867,0.27579957,0.36314499,0.36105544
93900,25903,34103,33894,0.27585729,0.36318424,0.36095847
94000,25933,34134,33933,0.27588298,0.36312766,0.36098936
94100,25956,34170,33974,0.27583422,0.36312434,0.36104145
94200,25995,34194,34011,0.27595541,0.36299363,0.36105096
94300,26028,34230,34042,0.27601273,0.36299046,0.36099682
94400,26065,34264,34071,0.27611229,0.36296610,0.36092161
94500,26098,34288,34114,0.27616931,0.36283598,0.36099471
94600,26128,34328,34144,0.27619450,0.36287526,0.36093023
94700,26165,34364,34171,0.27629356,0.36287223,0.36083421
94800,26193,34398,34209,0.27629747,0.36284810,0.36085443
94900,26218,34436,34246,0.27626976,0.36286617,0.36086407
95000,26250,34466,34284,0.27631579,0.36280000,0.36088421
95100,26283,34499,34318,0.27637224,0.36276551,0.36086225
95200,26319,34539,34342,0.27646008,0.36280462,0.36073529
95300,26351,34569,34380,0.27650577,0.36273872,0.36075551
95400,26384,34607,34409,0.27656184,0.36275681,0.36068134
95500,26404,34655,34441,0.27648168,0.36287958,0.36063874
95600,26432,34690,34478,0.27648536,0.36286611,0.36064854
95700,26465,34727,34508,0.27654127,0.36287356,0.36058516
95800,26494,34762,34544,0.27655532,0.36286013,0.36058455
95900,26525,34797,34578,0.27659020,0.36284672,0.36056309
96000,26552,34829,34619,0.27658333,0.36280208,0.36061458
96100,26582,34872,34646,0.27660770,0.36287201,0.36052029
96200,26619,34897,34684,0.27670478,0.36275468,0.36054054
96300,26645,34937,34718,0.27668744,0.36279335,0.36051921
96400,26671,34977,34752,0.27667012,0.36283195,0.36049793
96500,26700,35011,34789,0.27668394,0.36280829,0.36050777
96600,26731,35051,34818,0.27671843,0.36284679,0.36043478
96700,26759,35091,34850,0.27672182,0.36288521,0.36039297
96800,26788,35125,34887,0.27673554,0.36286157,0.36040289
96900,26820,35164,34916,0.27678019,0.36288958,0.36033024
97000,26842,35204,34954,0.27672165,0.36292784,0.36035052
97100,26870,35252,34978,0.27672503,0.36304840,0.36022657
97200,26897,35289,35014,0.27671811,0.36305556,0.36022634
97300,26921,35328,35051,0.27668037,0.36308325,0.36023638
97400,26952,35369,35079,0.27671458,0.36313142,0.36015400
97500,26973,35408,35119,0.27664615,0.36315897,0.36019487
97600,26994,35456,35150,0.27657787,0.36327869,0.36014344
97700,27020,35500,35180,0.27656090,0.36335722,0.36008188
97800,27043,35538,35219,0.27651329,0.36337423,0.36011247
97900,27082,35566,35252,0.27662921,0.36328907,0.36008172
98000,27108,35606,35286,0.27661224,0.36332653,0.36006122
98100,27135,35644,35321,0.27660550,0.36334353,0.36005097
98200,27162,35682,35356,0.27659878,0.36336049,0.36004073
98300,27195,35721,35384,0.27665310,0.36338759,0.35995931
98400,27224,35764,35412,0.27666667,0.36345528,0.35987805
98500,27254,35797,35449,0.27669036,0.36342132,0.35988832
98600,27287,35829,35484,0.27674442,0.36337728,0.35987830
98700,27311,35866,35523,0.27670719,0.36338399,0.35990881
98800,27338,35909,35553,0.27670040,0.36345142,0.35984818
98900,27376,35941,35583,0.27680485,0.36340748,0.35978766
99000,27399,35980,35621,0.27675758,0.36343434,0.35980808
99100,27433,36015,35652,0.27682139,0.36342079,0.35975782
99200,27467,36051,35682,0.27688508,0.36341734,0.35969758
99300,27493,36090,35717,0.27686808,0.36344411,0.35968781
99400,27519,36118,35763,0.27685111,0.36336016,0.35978873
99500,27541,36160,35799,0.27679397,0.36341709,0.35978894
99600,27573,36196,35831,0.27683735,0.36341365,0.35974900
99700,27603,36234,35863,0.27686058,0.36343029,0.35970913
99800,27636,36276,35888,0.27691383,0.36348697,0.35959920
99900,27659,36321,35920,0.27686687,0.36357357,0.35955956
100000,27689,36356,35955,0.27689000,0.36356000,0.35955000
